=== 内参矩阵 ===
[
[904.4546007545488, 0.0, 644.5514692945745],
[0.0, 904.3408480550349, 362.43775199966814],
[0.0, 0.0, 1.0]
]

=== 畸变系数 ===
[
[0.07856630102667349, 0.09887221414291988, 0.00011194409982074295, -0.0002682274741265849, -0.7800394021223189]
]

=== 旋转矩阵 ===
[
[-0.6688455702426681, 0.4993350258746615, -0.5507359940130219],
[0.7433950825277503, 0.44620492546112267, -0.49826189475796123],
[-0.0030585029539868525, -0.7426746908498939, -0.6696453905842219]
]

=== 平移向量 ===
[
[1.1477158305817223],
[0.4140491878577736],
[0.654876294920038]
]

=== 相机位姿 ===
[
[-0.6688455702426681, 0.4993350258746615, -0.5507359940130219, 1.1477158305817223],
[0.7433950825277503, 0.44620492546112267, -0.49826189475796123, 0.4140491878577736],
[-0.0030585029539868525, -0.7426746908498939, -0.6696453905842219, 0.654876294920038],
[0.0, 0.0, 0.0, 1.0]
]