=== 内参矩阵 ===
[
[1142.0693360692355, 0.0, 614.1677029060186],
[0.0, 1155.0073634534556, 520.0618646984053],
[0.0, 0.0, 1.0]
]

=== 畸变系数 ===
[
[0.040931862945969635, -0.9813306375377849, 0.002624683755191298, -0.0009604187086097146, 8.752631087672635]
]

=== 旋转矩阵 ===
[
[-0.47732600052000684, 0.8635053555883572, -0.1628446809011565],
[-0.8786301657956985, -0.4662656537570773, 0.10298238626245083],
[0.012996960467654764, 0.1922364195377929, 0.9812625734337841]
]

=== 平移向量 ===
[
[-0.06977356322193094],
[0.00027088777600334756],
[0.1733998398323309]
]

=== 相机位姿 ===
[
[-0.47732600052000684, 0.8635053555883572, -0.1628446809011565, -0.06977356322193094],
[-0.8786301657956985, -0.4662656537570773, 0.10298238626245083, 0.00027088777600334756],
[0.012996960467654764, 0.1922364195377929, 0.9812625734337841, 0.1733998398323309],
[0.0, 0.0, 0.0, 1.0]
]